XI
0,0.08,0.16,0.24,0.32,0.40,0.48,0.56,0.64,0.72,0.8

FXi
0.2,1.23,1.2969,1.34,1.74,2.456,3.18,3.53,3.18,1.99,0.232

0.2,1.23,1.29,1.34,1.74,2.456,3.186,3.539,3.181,1.994,0.232



4.5,6,7.5,9,10.5
0,3,6,9,12


0,0.7,1.4,2.1,2.8,3.5,4.2,5


1.57142857142857



0,0.85714286,1.21428572,1.57142858,1.92857144,2.2857143,2.64285716,3.00000004



0,0.71422857,1.42857144,2.14285718,2.85714288,3.5714286,4.28571432,5.0000004


0,5.3076923,5.6153846,5.92307692,6.23076922,6.53846152,6.84615382,7.15384612,7.4615384,7.76923072,8.07692304,8.38461536,8.69230768,9




 Xi[0] = A;
                Xi[1] = A + H2;
                Xi[2] = Xi[1] + H2;
                Xi[3] = Xi[2] + H2;

 for (i = 1; i < 4; i++)
                {
                    puntos--;
                }

0.5,9,11,23,32,15


0,0.71422857,1.42857144,2.14285716,2.85714286,4.28571432,5.0000004

0.2,1.296919,1.743393,3.186015,3.181929,0.232